0 10 0 1 0.000014
0 10 1 1 0.0000130000000
0 10 2 1 0.000035
0 10 3 1 0.000012
0 10 4 1 0.000051
0 10 5 1 0.000029
0 10 6 1 0.000047
0 10 7 1 0.000020
0 10 8 1 0.000007
0 10 9 1 0.000001
0 10 10 1 0.000047
0 10 11 1 0.000040
0 10 12 1 0.000004
0 10 13 1 0.000048
0 10 14 1 0.000001
0 10 15 1 0.000015
0 10 16 1 0.000036
0 10 17 1 0.000036
0 10 18 1 0.000009
0 10 19 1 0.000001
0 11 0 1 0.000047
0 11 1 1 0.000096
0 11 2 1 0.000069
0 11 3 1 0.000046
0 11 4 1 0.000097
0 11 5 1 0.000042
0 11 6 1 0.000053
0 11 7 1 0.000017
0 11 8 1 0.000004
0 11 9 1 0.000075
0 11 10 1 0.000053
0 11 11 1 0.000099
0 11 12 1 0.000042
0 11 13 1 0.000032
0 11 14 1 0.000048
0 11 15 1 0.000062
0 11 16 1 0.000003
0 11 17 1 0.000056
0 11 18 1 0.000090
0 11 19 1 0.000094
0 12 0 1 0.000110
0 12 1 1 0.000214
0 12 2 1 0.000177
0 12 3 1 0.000071
0 12 4 1 0.000092
0 12 5 1 0.000234
0 12 6 1 0.000227
0 12 7 1 0.000096
0 12 8 1 0.000105
0 12 9 1 0.000205
0 12 10 1 0.000185
0 12 11 1 0.000083
0 12 12 1 0.000159
0 12 13 1 0.000124
0 12 14 1 0.000106
0 12 15 1 0.000151
0 12 16 1 0.000155
0 12 17 1 0.000048
0 12 18 1 0.000194
0 12 19 1 0.000164
0 13 0 1 0.000207
0 13 1 1 0.000308
0 13 2 1 0.000117
0 13 3 1 0.000103
0 13 4 1 0.000080
0 13 5 1 0.000116
0 13 6 1 0.000280
0 13 7 1 0.000020
0 13 8 1 0.000132
0 13 9 1 0.000080
0 13 10 1 0.000203
0 13 11 1 0.000177
0 13 12 1 0.000350
0 13 13 1 0.000112
0 13 14 1 0.000369
0 13 15 1 0.000073
0 13 16 1 0.000005
0 13 17 1 0.000359
0 13 18 1 0.000279
0 13 19 1 0.000224
0 14 0 1 0.000462
0 14 1 1 0.000202
0 14 2 1 0.000798
0 14 3 1 0.000349
0 14 4 1 0.000704
0 14 5 1 0.000604
0 14 6 1 0.000290
0 14 7 1 0.000450
0 14 8 1 0.000057
0 14 9 1 0.000080
0 14 10 1 0.000817
0 14 11 1 0.000612
0 14 12 1 0.000355
0 14 13 1 0.000451
0 14 14 1 0.000391
0 14 15 1 0.000308
0 14 16 1 0.000632
0 14 17 1 0.000551
0 14 18 1 0.000141
0 14 19 1 0.000470
0 15 0 1 0.000573
0 15 1 1 0.000234
0 15 2 1 0.000073
0 15 3 1 0.000407
0 15 4 1 0.000362
0 15 5 1 0.000993
0 15 6 1 0.000363
0 15 7 1 0.000730
0 15 8 1 0.001180
0 15 9 1 0.000545
0 15 10 1 0.000597
0 15 11 1 0.001000
0 15 12 1 0.000004
0 15 13 1 0.000008
0 15 14 1 0.000390
0 15 15 1 0.000374
0 15 16 1 0.001262
0 15 17 1 0.000659
0 15 18 1 0.000595
0 15 19 1 0.000658
0 16 0 1 0.000781
0 16 1 1 0.000551
0 16 2 1 0.001153
0 16 3 1 0.001854
0 16 4 1 0.000140
0 16 5 1 0.002095
0 16 6 1 0.001603
0 16 7 1 0.001660
0 16 8 1 0.001336
0 16 9 1 0.001271
0 16 10 1 0.002656
0 16 11 1 0.001615
0 16 12 1 0.001579
0 16 13 1 0.001294
0 16 14 1 0.002463
0 16 15 1 0.002762
0 16 16 1 0.000417
0 16 17 1 0.001621
0 16 18 1 0.002045
0 16 19 1 0.001885
0 17 0 1 0.001913
0 17 1 1 0.000984
0 17 2 1 0.005758
0 17 3 1 0.004281
0 17 4 1 0.004657
0 17 5 1 0.003687
0 17 6 1 0.003293
0 17 7 1 0.002891
0 17 8 1 0.002693
0 17 9 1 0.002800
0 17 10 1 0.005006
0 17 11 1 0.005089
0 17 12 1 0.004399
0 17 13 1 0.004301
0 17 14 1 0.001342
0 17 15 1 0.000486
0 17 16 1 0.003016
0 17 17 1 0.003876
0 17 18 1 0.001390
0 17 19 1 0.000868
0 18 0 1 0.004067
0 18 1 1 0.008861
0 18 2 1 0.006853
0 18 3 1 0.006436
0 18 4 1 0.005561
0 18 5 1 0.006775
0 18 6 1 0.010452
0 18 7 1 0.003739
0 18 8 1 0.010007
0 18 9 1 0.005361
0 18 10 1 0.008725
0 18 11 1 0.003584
0 18 12 1 0.007601
0 18 13 1 0.001050
0 18 14 1 0.005756
0 18 15 1 0.007530
0 18 16 1 0.001694
0 18 17 1 0.007009
0 18 18 1 0.005296
0 18 19 1 0.007928
0 19 0 1 0.004886
0 19 1 1 0.017436
0 19 2 1 0.001810
0 19 3 1 0.021668
0 19 4 1 0.002721
0 19 5 1 0.013072
0 19 6 1 0.022236
0 19 7 1 0.002791
0 19 8 1 0.016060
0 19 9 1 0.002758
0 19 10 1 0.008964
0 19 11 1 0.010549
0 19 12 1 0.020667
0 19 13 1 0.018611
0 19 14 1 0.006201
0 19 15 1 0.005788
0 19 16 1 0.015518
0 19 17 1 0.009225
0 19 18 1 0.010050
0 19 19 1 0.018432
0 20 0 1 0.037970
0 20 1 1 0.017821
0 20 2 1 0.005195
0 20 3 1 0.026099
0 20 4 1 0.035740
0 20 5 1 0.032376
0 20 6 1 0.011183
0 20 7 1 0.000289
0 20 8 1 0.008070
0 20 9 1 0.001897
0 20 10 1 0.018228
0 20 11 1 0.029173
0 20 12 1 0.033526
0 20 13 1 0.024862
0 20 14 1 0.027735
0 20 15 1 0.034642
0 20 16 1 0.014410
0 20 17 1 0.038027
0 20 18 1 0.007431
0 20 19 1 0.020620
0 21 0 1 0.070321
0 21 1 1 0.066710
0 21 2 1 0.073398
0 21 3 1 0.036580
0 21 4 1 0.093164
0 21 5 1 0.037435
0 21 6 1 0.006434
0 21 7 1 0.086195
0 21 8 1 0.025601
0 21 9 1 0.000893
0 21 10 1 0.029053
0 21 11 1 0.073166
0 21 12 1 0.021077
0 21 13 1 0.086857
0 21 14 1 0.017719
0 21 15 1 0.030775
0 21 16 1 0.050374
0 21 17 1 0.056759
0 21 18 1 0.006680
0 21 19 1 0.032246
0 22 0 1 0.157613
0 22 1 1 0.062267
0 22 2 1 0.127907
0 22 3 1 0.153755
0 22 4 1 0.167823
0 22 5 1 0.074979
0 22 6 1 0.118390
0 22 7 1 0.038364
0 22 8 1 0.141564
0 22 9 1 0.079827
0 22 10 1 0.058726
0 22 11 1 0.131321
0 22 12 1 0.099461
0 22 13 1 0.156170
0 22 14 1 0.003518
0 22 15 1 0.172768
0 22 16 1 0.129659
0 22 17 1 0.067662
0 22 18 1 0.176785
0 22 19 1 0.054353
0 23 0 1 0.145064
0 23 1 1 0.294560
0 23 2 1 0.190767
0 23 3 1 0.326986
0 23 4 1 0.248911
0 23 5 1 0.363472
0 23 6 1 0.056985
0 23 7 1 0.138883
0 23 8 1 0.160204
0 23 9 1 0.097839
0 23 10 1 0.191248
0 23 11 1 0.282902
0 23 12 1 0.199344
0 23 13 1 0.280050
0 23 14 1 0.325547
0 23 15 1 0.157834
0 23 16 1 0.097624
0 23 17 1 0.200039
0 23 18 1 0.218733
0 23 19 1 0.228098
0 24 0 1 0.385396
0 24 1 1 0.595938
0 24 2 1 0.073103
0 24 3 1 0.475055
0 24 4 1 0.498895
0 24 5 1 0.470785
0 24 6 1 0.706979
0 24 7 1 0.371190
0 24 8 1 0.439666
0 24 9 1 0.611423
0 24 10 1 0.273462
0 24 11 1 0.276550
0 24 12 1 0.227128
0 24 13 1 0.429490
0 24 14 1 0.317985
0 24 15 1 0.480539
0 24 16 1 0.611822
0 24 17 1 0.631632
0 24 18 1 0.058096
0 24 19 1 0.392628
0 25 0 1 0.564018
0 25 1 1 1.225009
0 25 2 1 0.307675
0 25 3 1 0.649350
0 25 4 1 0.203262
0 25 5 1 0.126500
0 25 6 1 0.813378
0 25 7 1 0.010349
0 25 8 1 0.053482
0 25 9 1 0.175651
0 25 10 1 1.438021
0 25 11 1 0.581210
0 25 12 1 0.809686
0 25 13 1 0.075460
0 25 14 1 0.022112
0 25 15 1 0.341846
0 25 16 1 0.829143
0 25 17 1 1.407110
0 25 18 1 0.289425
0 25 19 1 1.013278
0 26 0 1 1.501075
0 26 1 1 0.387376
0 26 2 1 2.268226
0 26 3 1 0.595032
0 26 4 1 0.130094
0 26 5 1 1.059966
0 26 6 1 1.748299
0 26 7 1 0.638196
0 26 8 1 1.168684
0 26 9 1 2.621749
0 26 10 1 2.395190
0 26 11 1 0.437050
0 26 12 1 0.936918
0 26 13 1 1.342314
0 26 14 1 2.394097
0 26 15 1 2.425565
0 26 16 1 0.219594
0 26 17 1 0.284345
0 26 18 1 2.671038
0 26 19 1 1.887582
0 27 0 1 1.781224
0 27 1 1 3.869966
0 27 2 1 5.973153
0 27 3 1 3.102922
0 27 4 1 3.030063
0 27 5 1 2.833221
0 27 6 1 0.778309
0 27 7 1 4.333126
0 27 8 1 3.884359
0 27 9 1 2.600135
0 27 10 1 0.271095
0 27 11 1 1.547058
0 27 12 1 1.979295
0 27 13 1 1.212908
0 27 14 1 5.890718
0 27 15 1 1.423117
0 27 16 1 0.206027
0 27 17 1 4.159850
0 27 18 1 0.745534
0 27 19 1 3.295285
0 28 0 1 11.595377
0 28 1 1 9.230447
0 28 2 1 3.097437
0 28 3 1 5.351151
0 28 4 1 7.411255
0 28 5 1 10.480826
0 28 6 1 11.316529
0 28 7 1 2.656993
0 28 8 1 6.035377
0 28 9 1 9.928907
0 28 10 1 2.948409
0 28 11 1 5.371171
0 28 12 1 1.557920
0 28 13 1 4.969177
0 28 14 1 4.859661
0 28 15 1 5.898838
0 28 16 1 5.655592
0 28 17 1 1.246233
0 28 18 1 10.191476
0 28 19 1 5.741603
0 29 0 1 19.288950
0 29 1 1 2.232166
0 29 2 1 2.883931
0 29 3 1 10.018155
0 29 4 1 22.611210
0 29 5 1 5.199233
0 29 6 1 14.644155
0 29 7 1 12.333875
0 29 8 1 11.215310
0 29 9 1 21.987098
0 29 10 1 17.000182
0 29 11 1 16.421888
0 29 12 1 12.300719
0 29 13 1 7.970239
0 29 14 1 22.304269
0 29 15 1 14.394289
0 29 16 1 7.705774
0 29 17 1 20.507658
0 29 18 1 0.283855
0 29 19 1 13.466226
0 30 0 1 28.119300
0 30 1 1 21.485822
0 30 2 1 30.357607
0 30 3 1 29.045679
0 30 4 1 22.732663
0 30 5 1 21.269289
0 30 6 1 24.383572
0 30 7 1 23.084996
0 30 8 1 2.709906
0 30 9 1 9.110899
0 30 10 1 34.177482
0 30 11 1 17.364211
0 30 12 1 45.840341
0 30 13 1 18.169215
0 30 14 1 43.129093
0 30 15 1 27.935274
0 30 16 1 46.546832
0 30 17 1 41.593099
0 30 18 1 7.984664
0 30 19 1 47.401563
1 10 0 1 0.000010
1 10 1 1 0.000010
1 10 2 1 0.000004
1 10 3 1 0.000002
1 10 4 1 0.000004
1 10 5 1 0.000004
1 10 6 1 0.000004
1 10 7 1 0.000015
1 10 8 1 0.000004
1 10 9 1 0.000002
1 10 10 1 0.000012
1 10 11 1 0.000014
1 10 12 1 0.000009
1 10 13 1 0.000011
1 10 14 1 0.000002
1 10 15 1 0.000009
1 10 16 1 0.000012
1 10 17 1 0.000010
1 10 18 1 0.000014
1 10 19 1 0.000003
1 11 0 1 0.000010
1 11 1 1 0.000023
1 11 2 1 0.000018
1 11 3 1 0.000024
1 11 4 1 0.000019
1 11 5 1 0.000020
1 11 6 1 0.000015
1 11 7 1 0.000014
1 11 8 1 0.000009
1 11 9 1 0.000016
1 11 10 1 0.000028
1 11 11 1 0.000003
1 11 12 1 0.000017
1 11 13 1 0.000003
1 11 14 1 0.000028
1 11 15 1 0.000007
1 11 16 1 0.000003
1 11 17 1 0.000004
1 11 18 1 0.000008
1 11 19 1 0.000012
1 12 0 1 0.000014
1 12 1 1 0.000019
1 12 2 1 0.000032
1 12 3 1 0.000004
1 12 4 1 0.000032
1 12 5 1 0.000036
1 12 6 1 0.000038
1 12 7 1 0.000018
1 12 8 1 0.000016
1 12 9 1 0.000048
1 12 10 1 0.000026
1 12 11 1 0.000012
1 12 12 1 0.000006
1 12 13 1 0.000023
1 12 14 1 0.000001
1 12 15 1 0.000040
1 12 16 1 0.000009
1 12 17 1 0.000033
1 12 18 1 0.000047
1 12 19 1 0.000015
1 13 0 1 0.000041
1 13 1 1 0.000038
1 13 2 1 0.000078
1 13 3 1 0.000034
1 13 4 1 0.000054
1 13 5 1 0.000061
1 13 6 1 0.000070
1 13 7 1 0.000022
1 13 8 1 0.000073
1 13 9 1 0.000036
1 13 10 1 0.000016
1 13 11 1 0.000018
1 13 12 1 0.000015
1 13 13 1 0.000086
1 13 14 1 0.000029
1 13 15 1 0.000042
1 13 16 1 0.000006
1 13 17 1 0.000058
1 13 18 1 0.000039
1 13 19 1 0.000034
1 14 0 1 0.000013
1 14 1 1 0.000043
1 14 2 1 0.000081
1 14 3 1 0.000146
1 14 4 1 0.000105
1 14 5 1 0.000162
1 14 6 1 0.000063
1 14 7 1 0.000018
1 14 8 1 0.000017
1 14 9 1 0.000033
1 14 10 1 0.000071
1 14 11 1 0.000145
1 14 12 1 0.000120
1 14 13 1 0.000074
1 14 14 1 0.000004
1 14 15 1 0.000115
1 14 16 1 0.000028
1 14 17 1 0.000083
1 14 18 1 0.000073
1 14 19 1 0.000085
1 15 0 1 0.000025
1 15 1 1 0.000001
1 15 2 1 0.000002
1 15 3 1 0.000070
1 15 4 1 0.000052
1 15 5 1 0.000064
1 15 6 1 0.000015
1 15 7 1 0.000065
1 15 8 1 0.000095
1 15 9 1 0.000050
1 15 10 1 0.000005
1 15 11 1 0.000020
1 15 12 1 0.000002
1 15 13 1 0.000006
1 15 14 1 0.000015
1 15 15 1 0.000004
1 15 16 1 0.000023
1 15 17 1 0.000035
1 15 18 1 0.000022
1 15 19 1 0.000015
1 16 0 1 0.000044
1 16 1 1 0.000008
1 16 2 1 0.000051
1 16 3 1 0.000083
1 16 4 1 0.000008
1 16 5 1 0.000100
1 16 6 1 0.000074
1 16 7 1 0.000061
1 16 8 1 0.000088
1 16 9 1 0.000043
1 16 10 1 0.000125
1 16 11 1 0.000035
1 16 12 1 0.000113
1 16 13 1 0.000117
1 16 14 1 0.000001
1 16 15 1 0.000031
1 16 16 1 0.000030
1 16 17 1 0.000028
1 16 18 1 0.000098
1 16 19 1 0.000056
1 17 0 1 0.000167
1 17 1 1 0.000072
1 17 2 1 0.000083
1 17 3 1 0.000012
1 17 4 1 0.000220
1 17 5 1 0.000209
1 17 6 1 0.000014
1 17 7 1 0.000168
1 17 8 1 0.000021
1 17 9 1 0.000021
1 17 10 1 0.000068
1 17 11 1 0.000068
1 17 12 1 0.000303
1 17 13 1 0.000103
1 17 14 1 0.000094
1 17 15 1 0.000038
1 17 16 1 0.000060
1 17 17 1 0.000134
1 17 18 1 0.000084
1 17 19 1 0.000082
1 18 0 1 0.000085
1 18 1 1 0.000616
1 18 2 1 0.000096
1 18 3 1 0.000441
1 18 4 1 0.000048
1 18 5 1 0.000434
1 18 6 1 0.000157
1 18 7 1 0.000145
1 18 8 1 0.000417
1 18 9 1 0.000644
1 18 10 1 0.000450
1 18 11 1 0.000099
1 18 12 1 0.000512
1 18 13 1 0.000283
1 18 14 1 0.000500
1 18 15 1 0.000261
1 18 16 1 0.000028
1 18 17 1 0.000032
1 18 18 1 0.000481
1 18 19 1 0.000066
1 19 0 1 0.000066
1 19 1 1 0.000753
1 19 2 1 0.000167
1 19 3 1 0.001130
1 19 4 1 0.000146
1 19 5 1 0.000742
1 19 6 1 0.000875
1 19 7 1 0.000625
1 19 8 1 0.001102
1 19 9 1 0.000564
1 19 10 1 0.000121
1 19 11 1 0.000362
1 19 12 1 0.000366
1 19 13 1 0.000535
1 19 14 1 0.000252
1 19 15 1 0.000069
1 19 16 1 0.000558
1 19 17 1 0.000904
1 19 18 1 0.000217
1 19 19 1 0.000866
1 20 0 1 0.000871
1 20 1 1 0.001596
1 20 2 1 0.001565
1 20 3 1 0.001743
1 20 4 1 0.001255
1 20 5 1 0.001564
1 20 6 1 0.001157
1 20 7 1 0.000154
1 20 8 1 0.000774
1 20 9 1 0.000627
1 20 10 1 0.000060
1 20 11 1 0.002638
1 20 12 1 0.001390
1 20 13 1 0.001134
1 20 14 1 0.000355
1 20 15 1 0.002013
1 20 16 1 0.001301
1 20 17 1 0.001529
1 20 18 1 0.001205
1 20 19 1 0.001677
1 21 0 1 0.002107
1 21 1 1 0.003264
1 21 2 1 0.004457
1 21 3 1 0.004830
1 21 4 1 0.005114
1 21 5 1 0.001012
1 21 6 1 0.001383
1 21 7 1 0.002052
1 21 8 1 0.003979
1 21 9 1 0.000825
1 21 10 1 0.002172
1 21 11 1 0.005459
1 21 12 1 0.005042
1 21 13 1 0.002995
1 21 14 1 0.002120
1 21 15 1 0.001879
1 21 16 1 0.000288
1 21 17 1 0.002268
1 21 18 1 0.000251
1 21 19 1 0.001095
1 22 0 1 0.008904
1 22 1 1 0.001205
1 22 2 1 0.000097
1 22 3 1 0.007608
1 22 4 1 0.001529
1 22 5 1 0.002769
1 22 6 1 0.002465
1 22 7 1 0.002304
1 22 8 1 0.006077
1 22 9 1 0.001540
1 22 10 1 0.000573
1 22 11 1 0.007209
1 22 12 1 0.004777
1 22 13 1 0.002657
1 22 14 1 0.000940
1 22 15 1 0.002040
1 22 16 1 0.000871
1 22 17 1 0.004403
1 22 18 1 0.010591
1 22 19 1 0.002511
1 23 0 1 0.003836
1 23 1 1 0.016269
1 23 2 1 0.001346
1 23 3 1 0.008422
1 23 4 1 0.010547
1 23 5 1 0.020368
1 23 6 1 0.005024
1 23 7 1 0.012045
1 23 8 1 0.012891
1 23 9 1 0.003637
1 23 10 1 0.000848
1 23 11 1 0.011288
1 23 12 1 0.000854
1 23 13 1 0.002675
1 23 14 1 0.009290
1 23 15 1 0.004774
1 23 16 1 0.003052
1 23 17 1 0.004242
1 23 18 1 0.011525
1 23 19 1 0.000456
1 24 0 1 0.001805
1 24 1 1 0.028448
1 24 2 1 0.000307
1 24 3 1 0.013001
1 24 4 1 0.001865
1 24 5 1 0.032396
1 24 6 1 0.026921
1 24 7 1 0.024093
1 24 8 1 0.005863
1 24 9 1 0.005495
1 24 10 1 0.013457
1 24 11 1 0.005352
1 24 12 1 0.024296
1 24 13 1 0.025091
1 24 14 1 0.005958
1 24 15 1 0.014077
1 24 16 1 0.009386
1 24 17 1 0.037149
1 24 18 1 0.003277
1 24 19 1 0.002782
1 25 0 1 0.016438
1 25 1 1 0.069475
1 25 2 1 0.018666
1 25 3 1 0.029974
1 25 4 1 0.000647
1 25 5 1 0.006384
1 25 6 1 0.080738
1 25 7 1 0.001603
1 25 8 1 0.002078
1 25 9 1 0.028310
1 25 10 1 0.062237
1 25 11 1 0.036831
1 25 12 1 0.017669
1 25 13 1 0.025127
1 25 14 1 0.007881
1 25 15 1 0.061553
1 25 16 1 0.001702
1 25 17 1 0.067980
1 25 18 1 0.044960
1 25 19 1 0.008686
1 26 0 1 0.005092
1 26 1 1 0.101184
1 26 2 1 0.077696
1 26 3 1 0.017661
1 26 4 1 0.073540
1 26 5 1 0.147915
1 26 6 1 0.058172
1 26 7 1 0.016233
1 26 8 1 0.053468
1 26 9 1 0.083778
1 26 10 1 0.004101
1 26 11 1 0.055477
1 26 12 1 0.064158
1 26 13 1 0.085550
1 26 14 1 0.003006
1 26 15 1 0.094776
1 26 16 1 0.041644
1 26 17 1 0.123500
1 26 18 1 0.066415
1 26 19 1 0.077374
1 27 0 1 0.036375
1 27 1 1 0.016378
1 27 2 1 0.241471
1 27 3 1 0.047525
1 27 4 1 0.234379
1 27 5 1 0.084845
1 27 6 1 0.112704
1 27 7 1 0.138014
1 27 8 1 0.208691
1 27 9 1 0.059038
1 27 10 1 0.093380
1 27 11 1 0.019545
1 27 12 1 0.008988
1 27 13 1 0.125833
1 27 14 1 0.151583
1 27 15 1 0.245159
1 27 16 1 0.009059
1 27 17 1 0.136914
1 27 18 1 0.108435
1 27 19 1 0.030357
1 28 0 1 0.364075
1 28 1 1 0.134053
1 28 2 1 0.064489
1 28 3 1 0.248544
1 28 4 1 0.329892
1 28 5 1 0.112413
1 28 6 1 0.502527
1 28 7 1 0.430853
1 28 8 1 0.449609
1 28 9 1 0.484856
1 28 10 1 0.308182
1 28 11 1 0.232216
1 28 12 1 0.003109
1 28 13 1 0.438155
1 28 14 1 0.230208
1 28 15 1 0.191513
1 28 16 1 0.277120
1 28 17 1 0.194320
1 28 18 1 0.277704
1 28 19 1 0.079858
1 29 0 1 0.668483
1 29 1 1 0.585033
1 29 2 1 0.450287
1 29 3 1 0.183229
1 29 4 1 0.114836
1 29 5 1 0.610961
1 29 6 1 0.516450
1 29 7 1 0.091822
1 29 8 1 0.772082
1 29 9 1 0.317440
1 29 10 1 0.538286
1 29 11 1 0.319246
1 29 12 1 0.036627
1 29 13 1 0.131496
1 29 14 1 0.533344
1 29 15 1 0.325402
1 29 16 1 0.074863
1 29 17 1 0.242815
1 29 18 1 0.036511
1 29 19 1 0.144512
1 30 0 1 0.976370
1 30 1 1 0.349104
1 30 2 1 0.712538
1 30 3 1 2.060078
1 30 4 1 0.171209
1 30 5 1 1.904808
1 30 6 1 0.858857
1 30 7 1 0.919919
1 30 8 1 1.828363
1 30 9 1 1.543171
1 30 10 1 0.296978
1 30 11 1 0.825083
1 30 12 1 1.255487
1 30 13 1 0.369139
1 30 14 1 0.113367
1 30 15 1 0.606609
1 30 16 1 0.363902
1 30 17 1 0.021680
1 30 18 1 0.044185
1 30 19 1 1.968424
1 31 0 1 0.302410
1 31 1 1 2.036208
1 31 2 1 0.131442
1 31 3 1 0.860473
1 31 4 1 0.010744
1 31 5 1 1.260866
1 31 6 1 2.313372
1 31 7 1 3.856843
1 31 8 1 0.541417
1 31 9 1 0.009643
1 31 10 1 1.547342
1 31 11 1 3.194090
1 31 12 1 1.144617
1 31 13 1 3.008913
1 31 14 1 1.271307
1 31 15 1 1.639179
1 31 16 1 2.489379
1 31 17 1 0.111839
1 31 18 1 2.646975
1 31 19 1 0.413405
1 32 0 1 7.926041
1 32 1 1 1.164740
1 32 2 1 2.070593
1 32 3 1 7.291288
1 32 4 1 8.246914
1 32 5 1 6.603396
1 32 6 1 5.612192
1 32 7 1 2.512658
1 32 8 1 0.405613
1 32 9 1 3.104278
1 32 10 1 0.737019
1 32 11 1 0.170384
1 32 12 1 0.014658
1 32 13 1 1.044413
1 32 14 1 4.058157
1 32 15 1 1.262048
1 32 16 1 5.916881
1 32 17 1 9.187722
1 32 18 1 1.998747
1 32 19 1 2.490650
1 33 0 1 1.865313
1 33 1 1 8.093795
1 33 2 1 0.505303
1 33 3 1 13.864927
1 33 4 1 10.689544
1 33 5 1 5.861304
1 33 6 1 10.624919
1 33 7 1 10.878209
1 33 8 1 4.460978
1 33 9 1 6.017029
1 33 10 1 8.822466
1 33 11 1 6.895575
1 33 12 1 2.827101
1 33 13 1 11.036591
1 33 14 1 7.204735
1 33 15 1 18.175091
1 33 16 1 1.246675
1 33 17 1 9.499622
1 33 18 1 6.504316
1 33 19 1 11.158589
1 34 0 1 1.109460
1 34 1 1 17.088322
1 34 2 1 3.948201
1 34 3 1 7.237664
1 34 4 1 5.645409
1 34 5 1 8.521683
1 34 6 1 35.487347
1 34 7 1 15.796844
1 34 8 1 2.603894
1 34 9 1 32.671532
1 34 10 1 15.056414
1 34 11 1 3.568903
1 34 12 1 4.210474
1 34 13 1 7.905300
1 34 14 1 13.480682
1 34 15 1 6.464785
1 34 16 1 16.169875
1 34 17 1 18.653929
1 34 18 1 7.475822
1 34 19 1 19.943557
1 35 0 1 46.009481
1 35 1 1 35.446625
1 35 2 1 30.565228
1 35 3 1 22.388708
1 35 4 1 54.175605
1 35 5 1 8.018971
1 35 6 1 56.741825
1 35 7 1 57.860002
1 35 8 1 19.336370
1 35 9 1 11.342218
1 35 10 1 2.879014
1 35 11 1 34.651114
1 35 12 1 9.415436
1 35 13 1 71.817813
1 35 14 1 39.652500
1 35 15 1 20.320533
1 35 16 1 2.448862
1 35 17 1 0.757610
1 35 18 1 76.984674
1 35 19 1 14.082552
1 36 0 1 60.475918
1 36 1 1 29.532983
1 36 2 1 30.596445
1 36 3 1 96.991352
1 36 4 1 39.298906
1 36 5 1 123.235688
1 36 6 1 25.656750
1 36 7 1 31.815729
1 36 8 1 21.561674
1 36 9 1 87.918836
1 36 10 1 28.494155
1 36 11 1 0.925976
1 36 12 1 5.439603
1 36 13 1 17.472786
1 36 14 1 82.812765
1 36 15 1 71.568344
1 36 16 1 16.396952
1 36 17 1 22.830686
1 36 18 1 45.336573
1 36 19 1 76.227444
1 37 0 1 94.544382
1 37 1 1 157.577105
1 37 2 1 210.674522
1 37 3 1 15.133674
1 37 4 1 77.941889
1 37 5 1 155.281429
1 37 6 1 116.800965
1 37 7 1 56.119540
1 37 8 1 190.905999
1 37 9 1 104.934132
1 37 10 1 229.481255
1 37 11 1 193.216636
1 37 12 1 4.213796
1 37 13 1 2.462745
1 37 14 1 103.444052
1 37 15 1 27.312538
1 37 16 1 224.491169
1 37 17 1 33.502558
1 37 18 1 94.424580
1 37 19 1 58.902251
1 38 0 1 225.773890
1 38 1 1 87.867390
1 38 2 1 242.538655
1 38 3 1 164.957102
1 38 4 1 197.042886
1 38 5 1 49.575836
1 38 6 1 65.852109
1 38 7 1 188.976854
1 38 8 1 169.908485
1 38 9 1 323.421985
1 38 10 1 197.281951
1 38 11 1 527.255330
1 38 12 1 16.235643
1 38 13 1 240.610131
1 38 14 1 76.290935
1 38 15 1 213.169195
1 38 16 1 312.667175
1 38 17 1 299.492511
1 38 18 1 241.673602
1 38 19 1 13.456476
1 39 0 1 406.583074
1 39 1 1 855.796740
1 39 2 1 435.819572
1 39 3 1 238.310398
1 39 4 1 661.723136
1 39 5 1 689.683429
1 39 6 1 159.833204
1 39 7 1 53.396610
1 39 8 1 205.962835
1 39 9 1 720.005179
1 39 10 1 231.290804
1 39 11 1 362.390137
1 39 12 1 341.984891
1 39 13 1 558.033964
1 39 14 1 119.015798
1 39 15 1 232.477496
1 39 16 1 173.324932
1 39 17 1 960.144185
1 39 18 1 55.380510
1 39 19 1 831.878250
2 10 0 1 0.000010
2 10 1 1 0.000010
2 10 2 1 0.000009
2 10 3 1 0.000009
2 10 4 1 0.000009
2 10 5 1 0.000009
2 10 6 1 0.000009
2 10 7 1 0.000009
2 10 8 1 0.000009
2 10 9 1 0.000009
2 10 10 1 0.000009
2 10 11 1 0.000009
2 10 12 1 0.000009
2 10 13 1 0.000009
2 10 14 1 0.000009
2 10 15 1 0.000009
2 10 16 1 0.000010
2 10 17 1 0.000009
2 10 18 1 0.000009
2 10 19 1 0.000009
2 11 0 1 0.000004
2 11 1 1 0.000003
2 11 2 1 0.000003
2 11 3 1 0.000003
2 11 4 1 0.000004
2 11 5 1 0.000004
2 11 6 1 0.000004
2 11 7 1 0.000004
2 11 8 1 0.000003
2 11 9 1 0.000004
2 11 10 1 0.000003
2 11 11 1 0.000004
2 11 12 1 0.000003
2 11 13 1 0.000004
2 11 14 1 0.000003
2 11 15 1 0.000004
2 11 16 1 0.000004
2 11 17 1 0.000003
2 11 18 1 0.000004
2 11 19 1 0.000003
2 12 0 1 0.000005
2 12 1 1 0.000004
2 12 2 1 0.000004
2 12 3 1 0.000004
2 12 4 1 0.000005
2 12 5 1 0.000003
2 12 6 1 0.000004
2 12 7 1 0.000004
2 12 8 1 0.000005
2 12 9 1 0.000003
2 12 10 1 0.000004
2 12 11 1 0.000005
2 12 12 1 0.000005
2 12 13 1 0.000004
2 12 14 1 0.000006
2 12 15 1 0.000003
2 12 16 1 0.000004
2 12 17 1 0.000004
2 12 18 1 0.000004
2 12 19 1 0.000004
2 13 0 1 0.000006
2 13 1 1 0.000006
2 13 2 1 0.000007
2 13 3 1 0.000006
2 13 4 1 0.000007
2 13 5 1 0.000007
2 13 6 1 0.000006
2 13 7 1 0.000006
2 13 8 1 0.000007
2 13 9 1 0.000005
2 13 10 1 0.000006
2 13 11 1 0.000005
2 13 12 1 0.000007
2 13 13 1 0.000007
2 13 14 1 0.000007
2 13 15 1 0.000007
2 13 16 1 0.000006
2 13 17 1 0.000006
2 13 18 1 0.000006
2 13 19 1 0.000007
2 14 0 1 0.000010
2 14 1 1 0.000008
2 14 2 1 0.000007
2 14 3 1 0.000008
2 14 4 1 0.000007
2 14 5 1 0.000006
2 14 6 1 0.000008
2 14 7 1 0.000009
2 14 8 1 0.000007
2 14 9 1 0.000007
2 14 10 1 0.000008
2 14 11 1 0.000008
2 14 12 1 0.000009
2 14 13 1 0.000008
2 14 14 1 0.000007
2 14 15 1 0.000010
2 14 16 1 0.000007
2 14 17 1 0.000007
2 14 18 1 0.000009
2 14 19 1 0.000009
2 15 0 1 0.000011
2 15 1 1 0.000012
2 15 2 1 0.000012
2 15 3 1 0.000013
2 15 4 1 0.000014
2 15 5 1 0.000010
2 15 6 1 0.000014
2 15 7 1 0.000011
2 15 8 1 0.000012
2 15 9 1 0.000012
2 15 10 1 0.000011
2 15 11 1 0.000009
2 15 12 1 0.000011
2 15 13 1 0.000013
2 15 14 1 0.000013
2 15 15 1 0.000013
2 15 16 1 0.000012
2 15 17 1 0.000009
2 15 18 1 0.000013
2 15 19 1 0.000012
2 16 0 1 0.000014
2 16 1 1 0.000017
2 16 2 1 0.000014
2 16 3 1 0.000019
2 16 4 1 0.000018
2 16 5 1 0.000016
2 16 6 1 0.000017
2 16 7 1 0.000019
2 16 8 1 0.000015
2 16 9 1 0.000018
2 16 10 1 0.000015
2 16 11 1 0.000017
2 16 12 1 0.000020
2 16 13 1 0.000016
2 16 14 1 0.000017
2 16 15 1 0.000014
2 16 16 1 0.000018
2 16 17 1 0.000016
2 16 18 1 0.000015
2 16 19 1 0.000015
2 17 0 1 0.000032
2 17 1 1 0.000032
2 17 2 1 0.000030
2 17 3 1 0.000029
2 17 4 1 0.000027
2 17 5 1 0.000028
2 17 6 1 0.000028
2 17 7 1 0.000030
2 17 8 1 0.000029
2 17 9 1 0.000029
2 17 10 1 0.000029
2 17 11 1 0.000031
2 17 12 1 0.000029
2 17 13 1 0.000031
2 17 14 1 0.000029
2 17 15 1 0.000031
2 17 16 1 0.000026
2 17 17 1 0.000028
2 17 18 1 0.000029
2 17 19 1 0.000031
2 18 0 1 0.000031
2 18 1 1 0.000034
2 18 2 1 0.000030
2 18 3 1 0.000043
2 18 4 1 0.000028
2 18 5 1 0.000034
2 18 6 1 0.000032
2 18 7 1 0.000033
2 18 8 1 0.000029
2 18 9 1 0.000029
2 18 10 1 0.000033
2 18 11 1 0.000035
2 18 12 1 0.000043
2 18 13 1 0.000042
2 18 14 1 0.000033
2 18 15 1 0.000028
2 18 16 1 0.000027
2 18 17 1 0.000033
2 18 18 1 0.000035
2 18 19 1 0.000032
2 19 0 1 0.000054
2 19 1 1 0.000061
2 19 2 1 0.000041
2 19 3 1 0.000049
2 19 4 1 0.000043
2 19 5 1 0.000050
2 19 6 1 0.000051
2 19 7 1 0.000055
2 19 8 1 0.000047
2 19 9 1 0.000055
2 19 10 1 0.000045
2 19 11 1 0.000049
2 19 12 1 0.000049
2 19 13 1 0.000049
2 19 14 1 0.000047
2 19 15 1 0.000043
2 19 16 1 0.000049
2 19 17 1 0.000060
2 19 18 1 0.000054
2 19 19 1 0.000054
2 20 0 1 0.000071
2 20 1 1 0.000074
2 20 2 1 0.000056
2 20 3 1 0.000059
2 20 4 1 0.000056
2 20 5 1 0.000056
2 20 6 1 0.000059
2 20 7 1 0.000056
2 20 8 1 0.000058
2 20 9 1 0.000059
2 20 10 1 0.000055
2 20 11 1 0.000058
2 20 12 1 0.000061
2 20 13 1 0.000057
2 20 14 1 0.000057
2 20 15 1 0.000059
2 20 16 1 0.000057
2 20 17 1 0.000058
2 20 18 1 0.000057
2 20 19 1 0.000057
2 21 0 1 0.000031
2 21 1 1 0.000030
2 21 2 1 0.000036
2 21 3 1 0.000036
2 21 4 1 0.000032
2 21 5 1 0.000035
2 21 6 1 0.000034
2 21 7 1 0.000031
2 21 8 1 0.000035
2 21 9 1 0.000035
2 21 10 1 0.000029
2 21 11 1 0.000029
2 21 12 1 0.000035
2 21 13 1 0.000028
2 21 14 1 0.000038
2 21 15 1 0.000033
2 21 16 1 0.000029
2 21 17 1 0.000036
2 21 18 1 0.000029
2 21 19 1 0.000034
2 22 0 1 0.000035
2 22 1 1 0.000032
2 22 2 1 0.000037
2 22 3 1 0.000034
2 22 4 1 0.000036
2 22 5 1 0.000037
2 22 6 1 0.000035
2 22 7 1 0.000031
2 22 8 1 0.000035
2 22 9 1 0.000035
2 22 10 1 0.000030
2 22 11 1 0.000035
2 22 12 1 0.000044
2 22 13 1 0.000036
2 22 14 1 0.000036
2 22 15 1 0.000033
2 22 16 1 0.000030
2 22 17 1 0.000035
2 22 18 1 0.000036
2 22 19 1 0.000035
2 23 0 1 0.000049
2 23 1 1 0.000052
2 23 2 1 0.000060
2 23 3 1 0.000058
2 23 4 1 0.000050
2 23 5 1 0.000047
2 23 6 1 0.000075
2 23 7 1 0.000052
2 23 8 1 0.000056
2 23 9 1 0.000053
2 23 10 1 0.000054
2 23 11 1 0.000047
2 23 12 1 0.000057
2 23 13 1 0.000061
2 23 14 1 0.000053
2 23 15 1 0.000055
2 23 16 1 0.000051
2 23 17 1 0.000049
2 23 18 1 0.000064
2 23 19 1 0.000054
2 24 0 1 0.000065
2 24 1 1 0.000077
2 24 2 1 0.000075
2 24 3 1 0.000067
2 24 4 1 0.000071
2 24 5 1 0.000075
2 24 6 1 0.000069
2 24 7 1 0.000064
2 24 8 1 0.000074
2 24 9 1 0.000074
2 24 10 1 0.000075
2 24 11 1 0.000071
2 24 12 1 0.000080
2 24 13 1 0.000070
2 24 14 1 0.000070
2 24 15 1 0.000069
2 24 16 1 0.000069
2 24 17 1 0.000072
2 24 18 1 0.000071
2 24 19 1 0.000062
2 25 0 1 0.000104
2 25 1 1 0.000110
2 25 2 1 0.000114
2 25 3 1 0.000099
2 25 4 1 0.000091
2 25 5 1 0.000095
2 25 6 1 0.000098
2 25 7 1 0.000094
2 25 8 1 0.000105
2 25 9 1 0.000118
2 25 10 1 0.000092
2 25 11 1 0.000106
2 25 12 1 0.000105
2 25 13 1 0.000113
2 25 14 1 0.000118
2 25 15 1 0.000109
2 25 16 1 0.000095
2 25 17 1 0.000093
2 25 18 1 0.000121
2 25 19 1 0.000114
2 26 0 1 0.000138
2 26 1 1 0.000170
2 26 2 1 0.000163
2 26 3 1 0.000147
2 26 4 1 0.000155
2 26 5 1 0.000145
2 26 6 1 0.000151
2 26 7 1 0.000132
2 26 8 1 0.000157
2 26 9 1 0.000160
2 26 10 1 0.000158
2 26 11 1 0.000159
2 26 12 1 0.000149
2 26 13 1 0.000152
2 26 14 1 0.000163
2 26 15 1 0.000162
2 26 16 1 0.000160
2 26 17 1 0.000143
2 26 18 1 0.000140
2 26 19 1 0.000163
2 27 0 1 0.000208
2 27 1 1 0.000208
2 27 2 1 0.000213
2 27 3 1 0.000195
2 27 4 1 0.000191
2 27 5 1 0.000204
2 27 6 1 0.000199
2 27 7 1 0.000223
2 27 8 1 0.000216
2 27 9 1 0.000170
2 27 10 1 0.000203
2 27 11 1 0.000188
2 27 12 1 0.000173
2 27 13 1 0.000185
2 27 14 1 0.000194
2 27 15 1 0.000204
2 27 16 1 0.000184
2 27 17 1 0.000187
2 27 18 1 0.000208
2 27 19 1 0.000210
2 28 0 1 0.000254
2 28 1 1 0.000293
2 28 2 1 0.000342
2 28 3 1 0.000306
2 28 4 1 0.000328
2 28 5 1 0.000248
2 28 6 1 0.000283
2 28 7 1 0.000275
2 28 8 1 0.000259
2 28 9 1 0.000305
2 28 10 1 0.000275
2 28 11 1 0.000326
2 28 12 1 0.000263
2 28 13 1 0.000336
2 28 14 1 0.000296
2 28 15 1 0.000327
2 28 16 1 0.000322
2 28 17 1 0.000349
2 28 18 1 0.000338
2 28 19 1 0.000301
2 29 0 1 0.000586
2 29 1 1 0.000570
2 29 2 1 0.000578
2 29 3 1 0.000499
2 29 4 1 0.000542
2 29 5 1 0.000571
2 29 6 1 0.000507
2 29 7 1 0.000532
2 29 8 1 0.000523
2 29 9 1 0.000510
2 29 10 1 0.000504
2 29 11 1 0.000572
2 29 12 1 0.000482
2 29 13 1 0.000482
2 29 14 1 0.000575
2 29 15 1 0.000590
2 29 16 1 0.000490
2 29 17 1 0.000518
2 29 18 1 0.000484
2 29 19 1 0.000541
2 30 0 1 0.000746
2 30 1 1 0.000726
2 30 2 1 0.000695
2 30 3 1 0.000606
2 30 4 1 0.000577
2 30 5 1 0.000728
2 30 6 1 0.000685
2 30 7 1 0.000678
2 30 8 1 0.000678
2 30 9 1 0.000664
2 30 10 1 0.000688
2 30 11 1 0.000662
2 30 12 1 0.000574
2 30 13 1 0.000643
2 30 14 1 0.000636
2 30 15 1 0.000611
2 30 16 1 0.000653
2 30 17 1 0.000687
2 30 18 1 0.000628
2 30 19 1 0.000633
2 31 0 1 0.001149
2 31 1 1 0.001191
2 31 2 1 0.001210
2 31 3 1 0.001134
2 31 4 1 0.001172
2 31 5 1 0.001167
2 31 6 1 0.001142
2 31 7 1 0.001186
2 31 8 1 0.001216
2 31 9 1 0.001077
2 31 10 1 0.001170
2 31 11 1 0.001095
2 31 12 1 0.001045
2 31 13 1 0.001223
2 31 14 1 0.001138
2 31 15 1 0.001168
2 31 16 1 0.001125
2 31 17 1 0.001134
2 31 18 1 0.001194
2 31 19 1 0.001054
2 32 0 1 0.001681
2 32 1 1 0.001803
2 32 2 1 0.001910
2 32 3 1 0.001856
2 32 4 1 0.001706
2 32 5 1 0.001677
2 32 6 1 0.001745
2 32 7 1 0.001732
2 32 8 1 0.001870
2 32 9 1 0.001658
2 32 10 1 0.001792
2 32 11 1 0.001684
2 32 12 1 0.001630
2 32 13 1 0.001759
2 32 14 1 0.001817
2 32 15 1 0.001825
2 32 16 1 0.001928
2 32 17 1 0.001679
2 32 18 1 0.001817
2 32 19 1 0.001608
2 33 0 1 0.002274
2 33 1 1 0.002269
2 33 2 1 0.002513
2 33 3 1 0.002151
2 33 4 1 0.002138
2 33 5 1 0.002107
2 33 6 1 0.002250
2 33 7 1 0.002462
2 33 8 1 0.002280
2 33 9 1 0.002199
2 33 10 1 0.002122
2 33 11 1 0.002002
2 33 12 1 0.002351
2 33 13 1 0.002231
2 33 14 1 0.002358
2 33 15 1 0.002162
2 33 16 1 0.002144
2 33 17 1 0.002306
2 33 18 1 0.002135
2 33 19 1 0.002498
2 34 0 1 0.004320
2 34 1 1 0.004126
2 34 2 1 0.004320
2 34 3 1 0.004144
2 34 4 1 0.004683
2 34 5 1 0.004155
2 34 6 1 0.004364
2 34 7 1 0.004606
2 34 8 1 0.004468
2 34 9 1 0.004484
2 34 10 1 0.004401
2 34 11 1 0.004400
2 34 12 1 0.004433
2 34 13 1 0.004470
2 34 14 1 0.004699
2 34 15 1 0.004461
2 34 16 1 0.004289
2 34 17 1 0.004776
2 34 18 1 0.004127
2 34 19 1 0.004240
2 35 0 1 0.006362
2 35 1 1 0.006797
2 35 2 1 0.006802
2 35 3 1 0.006881
2 35 4 1 0.006134
2 35 5 1 0.006337
2 35 6 1 0.006854
2 35 7 1 0.007066
2 35 8 1 0.006225
2 35 9 1 0.006116
2 35 10 1 0.006670
2 35 11 1 0.006786
2 35 12 1 0.006586
2 35 13 1 0.006837
2 35 14 1 0.006534
2 35 15 1 0.006635
2 35 16 1 0.006528
2 35 17 1 0.006322
2 35 18 1 0.006476
2 35 19 1 0.006340
2 36 0 1 0.006155
2 36 1 1 0.007301
2 36 2 1 0.006301
2 36 3 1 0.006351
2 36 4 1 0.007282
2 36 5 1 0.006648
2 36 6 1 0.006934
2 36 7 1 0.007620
2 36 8 1 0.006507
2 36 9 1 0.007594
2 36 10 1 0.006486
2 36 11 1 0.006393
2 36 12 1 0.006793
2 36 13 1 0.007280
2 36 14 1 0.006527
2 36 15 1 0.006505
2 36 16 1 0.007156
2 36 17 1 0.006959
2 36 18 1 0.007031
2 36 19 1 0.006326
2 37 0 1 0.009602
2 37 1 1 0.010031
2 37 2 1 0.010501
2 37 3 1 0.010648
2 37 4 1 0.009815
2 37 5 1 0.009544
2 37 6 1 0.010398
2 37 7 1 0.009473
2 37 8 1 0.009352
2 37 9 1 0.009573
2 37 10 1 0.009864
2 37 11 1 0.009219
2 37 12 1 0.010233
2 37 13 1 0.009989
2 37 14 1 0.010704
2 37 15 1 0.009833
2 37 16 1 0.010345
2 37 17 1 0.009212
2 37 18 1 0.010284
2 37 19 1 0.010373
2 38 0 1 0.012221
2 38 1 1 0.011721
2 38 2 1 0.010989
2 38 3 1 0.010439
2 38 4 1 0.012403
2 38 5 1 0.010706
2 38 6 1 0.012314
2 38 7 1 0.011729
2 38 8 1 0.011952
2 38 9 1 0.012808
2 38 10 1 0.012358
2 38 11 1 0.013168
2 38 12 1 0.011504
2 38 13 1 0.012245
2 38 14 1 0.011357
2 38 15 1 0.010823
2 38 16 1 0.012428
2 38 17 1 0.011802
2 38 18 1 0.012156
2 38 19 1 0.013037
2 39 0 1 0.017633
2 39 1 1 0.016781
2 39 2 1 0.018961
2 39 3 1 0.017161
2 39 4 1 0.019577
2 39 5 1 0.019780
2 39 6 1 0.019429
2 39 7 1 0.019183
2 39 8 1 0.018469
2 39 9 1 0.017405
2 39 10 1 0.017152
2 39 11 1 0.016925
2 39 12 1 0.019768
2 39 13 1 0.021165
2 39 14 1 0.020893
2 39 15 1 0.016668
2 39 16 1 0.018374
2 39 17 1 0.018437
2 39 18 1 0.020826
2 39 19 1 0.018602
2 40 0 1 0.024996
2 40 1 1 0.025959
2 40 2 1 0.026244
2 40 3 1 0.024535
2 40 4 1 0.028067
2 40 5 1 0.029718
2 40 6 1 0.027567
2 40 7 1 0.026109
2 40 8 1 0.025075
2 40 9 1 0.026541
2 40 10 1 0.025757
2 40 11 1 0.026402
2 40 12 1 0.028358
2 40 13 1 0.026491
2 40 14 1 0.026076
2 40 15 1 0.026652
2 40 16 1 0.023569
2 40 17 1 0.027639
2 40 18 1 0.026709
2 40 19 1 0.027991
2 41 0 1 0.043693
2 41 1 1 0.044658
2 41 2 1 0.048179
2 41 3 1 0.050982
2 41 4 1 0.050832
2 41 5 1 0.046523
2 41 6 1 0.050783
2 41 7 1 0.044408
2 41 8 1 0.050859
2 41 9 1 0.044196
2 41 10 1 0.049079
2 41 11 1 0.046004
2 41 12 1 0.048926
2 41 13 1 0.044391
2 41 14 1 0.048305
2 41 15 1 0.050415
2 41 16 1 0.045674
2 41 17 1 0.049567
2 41 18 1 0.046943
2 41 19 1 0.051734
2 42 0 1 0.050173
2 42 1 1 0.051020
2 42 2 1 0.048364
2 42 3 1 0.054217
2 42 4 1 0.054297
2 42 5 1 0.051095
2 42 6 1 0.052902
2 42 7 1 0.051114
2 42 8 1 0.052303
2 42 9 1 0.062636
2 42 10 1 0.052877
2 42 11 1 0.054714
2 42 12 1 0.051124
2 42 13 1 0.055042
2 42 14 1 0.051233
2 42 15 1 0.060450
2 42 16 1 0.053664
2 42 17 1 0.052275
2 42 18 1 0.051050
2 42 19 1 0.054340
2 43 0 1 0.093006
2 43 1 1 0.092720
2 43 2 1 0.093061
2 43 3 1 0.102971
2 43 4 1 0.097236
2 43 5 1 0.102524
2 43 6 1 0.092355
2 43 7 1 0.100921
2 43 8 1 0.103495
2 43 9 1 0.094805
2 43 10 1 0.103052
2 43 11 1 0.101140
2 43 12 1 0.097507
2 43 13 1 0.099947
2 43 14 1 0.103020
2 43 15 1 0.094247
2 43 16 1 0.091989
2 43 17 1 0.095901
2 43 18 1 0.110200
2 43 19 1 0.103232
2 44 0 1 0.125390
2 44 1 1 0.121104
2 44 2 1 0.120709
2 44 3 1 0.123475
2 44 4 1 0.121776
2 44 5 1 0.115548
2 44 6 1 0.113868
2 44 7 1 0.121730
2 44 8 1 0.121124
2 44 9 1 0.113917
2 44 10 1 0.119378
2 44 11 1 0.119139
2 44 12 1 0.125325
2 44 13 1 0.110306
2 44 14 1 0.122583
2 44 15 1 0.116704
2 44 16 1 0.130899
2 44 17 1 0.112227
2 44 18 1 0.121357
2 44 19 1 0.120988
2 45 0 1 0.171661
2 45 1 1 0.183047
2 45 2 1 0.177981
2 45 3 1 0.201099
2 45 4 1 0.184872
2 45 5 1 0.180785
2 45 6 1 0.207652
2 45 7 1 0.174796
2 45 8 1 0.184578
2 45 9 1 0.181231
2 45 10 1 0.198553
2 45 11 1 0.176416
2 45 12 1 0.189947
2 45 13 1 0.184952
2 45 14 1 0.187935
2 45 15 1 0.192790
2 45 16 1 0.183610
2 45 17 1 0.190414
2 45 18 1 0.192497
2 45 19 1 0.184939
2 46 0 1 0.269781
2 46 1 1 0.313103
2 46 2 1 0.301727
2 46 3 1 0.285952
2 46 4 1 0.302933
2 46 5 1 0.287500
2 46 6 1 0.288749
2 46 7 1 0.274216
2 46 8 1 0.278908
2 46 9 1 0.270016
2 46 10 1 0.275290
2 46 11 1 0.304897
2 46 12 1 0.262293
2 46 13 1 0.275375
2 46 14 1 0.278824
2 46 15 1 0.267409
2 46 16 1 0.280168
2 46 17 1 0.264793
2 46 18 1 0.259363
2 46 19 1 0.274911
2 47 0 1 0.441608
2 47 1 1 0.462494
2 47 2 1 0.447658
2 47 3 1 0.429390
2 47 4 1 0.448216
2 47 5 1 0.412654
2 47 6 1 0.427340
2 47 7 1 0.420404
2 47 8 1 0.446771
2 47 9 1 0.447790
2 47 10 1 0.424384
2 47 11 1 0.416776
2 47 12 1 0.421324
2 47 13 1 0.446043
2 47 14 1 0.418999
2 47 15 1 0.462562
2 47 16 1 0.415578
2 47 17 1 0.417061
2 47 18 1 0.426088
2 47 19 1 0.433849
2 48 0 1 0.570586
2 48 1 1 0.530839
2 48 2 1 0.565862
2 48 3 1 0.559004
2 48 4 1 0.574232
2 48 5 1 0.561283
2 48 6 1 0.575939
2 48 7 1 0.563866
2 48 8 1 0.548733
2 48 9 1 0.626268
2 48 10 1 0.587788
2 48 11 1 0.576658
2 48 12 1 0.557056
2 48 13 1 0.558837
2 48 14 1 0.558121
2 48 15 1 0.584590
2 48 16 1 0.540904
2 48 17 1 0.533457
2 48 18 1 0.577997
2 48 19 1 0.548779
2 49 0 1 0.969662
2 49 1 1 0.980022
2 49 2 1 0.968095
2 49 3 1 0.973213
2 49 4 1 0.951192
2 49 5 1 0.916048
2 49 6 1 1.040537
2 49 7 1 1.059233
2 49 8 1 0.940109
2 49 9 1 0.982806
2 49 10 1 0.927576
2 49 11 1 0.999451
2 49 12 1 0.957953
2 49 13 1 0.996049
2 49 14 1 0.916130
2 49 15 1 0.981990
2 49 16 1 0.965808
2 49 17 1 0.914262
2 49 18 1 0.993344
2 49 19 1 0.929937
2 50 0 1 1.611098
2 50 1 1 1.527859
2 50 2 1 1.551682
2 50 3 1 1.592008
2 50 4 1 1.537260
2 50 5 1 1.617207
2 50 6 1 1.571445
2 50 7 1 1.585270
2 50 8 1 1.652497
2 50 9 1 1.568112
2 50 10 1 1.579709
2 50 11 1 1.604342
2 50 12 1 1.526777
2 50 13 1 1.676442
2 50 14 1 1.555840
2 50 15 1 1.623137
2 50 16 1 1.575524
2 50 17 1 1.654481
2 50 18 1 1.583479
2 50 19 1 1.653369
