2 10 0 1 0.000010
2 10 1 1 0.000010
2 10 2 1 0.000009
2 10 3 1 0.000009
2 10 4 1 0.000009
2 10 5 1 0.000009
2 10 6 1 0.000009
2 10 7 1 0.000009
2 10 8 1 0.000009
2 10 9 1 0.000009
2 10 10 1 0.000009
2 10 11 1 0.000009
2 10 12 1 0.000009
2 10 13 1 0.000009
2 10 14 1 0.000009
2 10 15 1 0.000009
2 10 16 1 0.000010
2 10 17 1 0.000009
2 10 18 1 0.000009
2 10 19 1 0.000009
2 11 0 1 0.000004
2 11 1 1 0.000003
2 11 2 1 0.000003
2 11 3 1 0.000003
2 11 4 1 0.000004
2 11 5 1 0.000004
2 11 6 1 0.000004
2 11 7 1 0.000004
2 11 8 1 0.000003
2 11 9 1 0.000004
2 11 10 1 0.000003
2 11 11 1 0.000004
2 11 12 1 0.000003
2 11 13 1 0.000004
2 11 14 1 0.000003
2 11 15 1 0.000004
2 11 16 1 0.000004
2 11 17 1 0.000003
2 11 18 1 0.000004
2 11 19 1 0.000003
2 12 0 1 0.000005
2 12 1 1 0.000004
2 12 2 1 0.000004
2 12 3 1 0.000004
2 12 4 1 0.000005
2 12 5 1 0.000003
2 12 6 1 0.000004
2 12 7 1 0.000004
2 12 8 1 0.000005
2 12 9 1 0.000003
2 12 10 1 0.000004
2 12 11 1 0.000005
2 12 12 1 0.000005
2 12 13 1 0.000004
2 12 14 1 0.000006
2 12 15 1 0.000003
2 12 16 1 0.000004
2 12 17 1 0.000004
2 12 18 1 0.000004
2 12 19 1 0.000004
2 13 0 1 0.000006
2 13 1 1 0.000006
2 13 2 1 0.000007
2 13 3 1 0.000006
2 13 4 1 0.000007
2 13 5 1 0.000007
2 13 6 1 0.000006
2 13 7 1 0.000006
2 13 8 1 0.000007
2 13 9 1 0.000005
2 13 10 1 0.000006
2 13 11 1 0.000005
2 13 12 1 0.000007
2 13 13 1 0.000007
2 13 14 1 0.000007
2 13 15 1 0.000007
2 13 16 1 0.000006
2 13 17 1 0.000006
2 13 18 1 0.000006
2 13 19 1 0.000007
2 14 0 1 0.000010
2 14 1 1 0.000008
2 14 2 1 0.000007
2 14 3 1 0.000008
2 14 4 1 0.000007
2 14 5 1 0.000006
2 14 6 1 0.000008
2 14 7 1 0.000009
2 14 8 1 0.000007
2 14 9 1 0.000007
2 14 10 1 0.000008
2 14 11 1 0.000008
2 14 12 1 0.000009
2 14 13 1 0.000008
2 14 14 1 0.000007
2 14 15 1 0.000010
2 14 16 1 0.000007
2 14 17 1 0.000007
2 14 18 1 0.000009
2 14 19 1 0.000009
2 15 0 1 0.000011
2 15 1 1 0.000012
2 15 2 1 0.000012
2 15 3 1 0.000013
2 15 4 1 0.000014
2 15 5 1 0.000010
2 15 6 1 0.000014
2 15 7 1 0.000011
2 15 8 1 0.000012
2 15 9 1 0.000012
2 15 10 1 0.000011
2 15 11 1 0.000009
2 15 12 1 0.000011
2 15 13 1 0.000013
2 15 14 1 0.000013
2 15 15 1 0.000013
2 15 16 1 0.000012
2 15 17 1 0.000009
2 15 18 1 0.000013
2 15 19 1 0.000012
2 16 0 1 0.000014
2 16 1 1 0.000017
2 16 2 1 0.000014
2 16 3 1 0.000019
2 16 4 1 0.000018
2 16 5 1 0.000016
2 16 6 1 0.000017
2 16 7 1 0.000019
2 16 8 1 0.000015
2 16 9 1 0.000018
2 16 10 1 0.000015
2 16 11 1 0.000017
2 16 12 1 0.000020
2 16 13 1 0.000016
2 16 14 1 0.000017
2 16 15 1 0.000014
2 16 16 1 0.000018
2 16 17 1 0.000016
2 16 18 1 0.000015
2 16 19 1 0.000015
2 17 0 1 0.000032
2 17 1 1 0.000032
2 17 2 1 0.000030
2 17 3 1 0.000029
2 17 4 1 0.000027
2 17 5 1 0.000028
2 17 6 1 0.000028
2 17 7 1 0.000030
2 17 8 1 0.000029
2 17 9 1 0.000029
2 17 10 1 0.000029
2 17 11 1 0.000031
2 17 12 1 0.000029
2 17 13 1 0.000031
2 17 14 1 0.000029
2 17 15 1 0.000031
2 17 16 1 0.000026
2 17 17 1 0.000028
2 17 18 1 0.000029
2 17 19 1 0.000031
2 18 0 1 0.000031
2 18 1 1 0.000034
2 18 2 1 0.000030
2 18 3 1 0.000043
2 18 4 1 0.000028
2 18 5 1 0.000034
2 18 6 1 0.000032
2 18 7 1 0.000033
2 18 8 1 0.000029
2 18 9 1 0.000029
2 18 10 1 0.000033
2 18 11 1 0.000035
2 18 12 1 0.000043
2 18 13 1 0.000042
2 18 14 1 0.000033
2 18 15 1 0.000028
2 18 16 1 0.000027
2 18 17 1 0.000033
2 18 18 1 0.000035
2 18 19 1 0.000032
2 19 0 1 0.000054
2 19 1 1 0.000061
2 19 2 1 0.000041
2 19 3 1 0.000049
2 19 4 1 0.000043
2 19 5 1 0.000050
2 19 6 1 0.000051
2 19 7 1 0.000055
2 19 8 1 0.000047
2 19 9 1 0.000055
2 19 10 1 0.000045
2 19 11 1 0.000049
2 19 12 1 0.000049
2 19 13 1 0.000049
2 19 14 1 0.000047
2 19 15 1 0.000043
2 19 16 1 0.000049
2 19 17 1 0.000060
2 19 18 1 0.000054
2 19 19 1 0.000054
2 20 0 1 0.000071
2 20 1 1 0.000074
2 20 2 1 0.000056
2 20 3 1 0.000059
2 20 4 1 0.000056
2 20 5 1 0.000056
2 20 6 1 0.000059
2 20 7 1 0.000056
2 20 8 1 0.000058
2 20 9 1 0.000059
2 20 10 1 0.000055
2 20 11 1 0.000058
2 20 12 1 0.000061
2 20 13 1 0.000057
2 20 14 1 0.000057
2 20 15 1 0.000059
2 20 16 1 0.000057
2 20 17 1 0.000058
2 20 18 1 0.000057
2 20 19 1 0.000057
2 21 0 1 0.000031
2 21 1 1 0.000030
2 21 2 1 0.000036
2 21 3 1 0.000036
2 21 4 1 0.000032
2 21 5 1 0.000035
2 21 6 1 0.000034
2 21 7 1 0.000031
2 21 8 1 0.000035
2 21 9 1 0.000035
2 21 10 1 0.000029
2 21 11 1 0.000029
2 21 12 1 0.000035
2 21 13 1 0.000028
2 21 14 1 0.000038
2 21 15 1 0.000033
2 21 16 1 0.000029
2 21 17 1 0.000036
2 21 18 1 0.000029
2 21 19 1 0.000034
2 22 0 1 0.000035
2 22 1 1 0.000032
2 22 2 1 0.000037
2 22 3 1 0.000034
2 22 4 1 0.000036
2 22 5 1 0.000037
2 22 6 1 0.000035
2 22 7 1 0.000031
2 22 8 1 0.000035
2 22 9 1 0.000035
2 22 10 1 0.000030
2 22 11 1 0.000035
2 22 12 1 0.000044
2 22 13 1 0.000036
2 22 14 1 0.000036
2 22 15 1 0.000033
2 22 16 1 0.000030
2 22 17 1 0.000035
2 22 18 1 0.000036
2 22 19 1 0.000035
2 23 0 1 0.000049
2 23 1 1 0.000052
2 23 2 1 0.000060
2 23 3 1 0.000058
2 23 4 1 0.000050
2 23 5 1 0.000047
2 23 6 1 0.000075
2 23 7 1 0.000052
2 23 8 1 0.000056
2 23 9 1 0.000053
2 23 10 1 0.000054
2 23 11 1 0.000047
2 23 12 1 0.000057
2 23 13 1 0.000061
2 23 14 1 0.000053
2 23 15 1 0.000055
2 23 16 1 0.000051
2 23 17 1 0.000049
2 23 18 1 0.000064
2 23 19 1 0.000054
2 24 0 1 0.000065
2 24 1 1 0.000077
2 24 2 1 0.000075
2 24 3 1 0.000067
2 24 4 1 0.000071
2 24 5 1 0.000075
2 24 6 1 0.000069
2 24 7 1 0.000064
2 24 8 1 0.000074
2 24 9 1 0.000074
2 24 10 1 0.000075
2 24 11 1 0.000071
2 24 12 1 0.000080
2 24 13 1 0.000070
2 24 14 1 0.000070
2 24 15 1 0.000069
2 24 16 1 0.000069
2 24 17 1 0.000072
2 24 18 1 0.000071
2 24 19 1 0.000062
2 25 0 1 0.000104
2 25 1 1 0.000110
2 25 2 1 0.000114
2 25 3 1 0.000099
2 25 4 1 0.000091
2 25 5 1 0.000095
2 25 6 1 0.000098
2 25 7 1 0.000094
2 25 8 1 0.000105
2 25 9 1 0.000118
2 25 10 1 0.000092
2 25 11 1 0.000106
2 25 12 1 0.000105
2 25 13 1 0.000113
2 25 14 1 0.000118
2 25 15 1 0.000109
2 25 16 1 0.000095
2 25 17 1 0.000093
2 25 18 1 0.000121
2 25 19 1 0.000114
2 26 0 1 0.000138
2 26 1 1 0.000170
2 26 2 1 0.000163
2 26 3 1 0.000147
2 26 4 1 0.000155
2 26 5 1 0.000145
2 26 6 1 0.000151
2 26 7 1 0.000132
2 26 8 1 0.000157
2 26 9 1 0.000160
2 26 10 1 0.000158
2 26 11 1 0.000159
2 26 12 1 0.000149
2 26 13 1 0.000152
2 26 14 1 0.000163
2 26 15 1 0.000162
2 26 16 1 0.000160
2 26 17 1 0.000143
2 26 18 1 0.000140
2 26 19 1 0.000163
2 27 0 1 0.000208
2 27 1 1 0.000208
2 27 2 1 0.000213
2 27 3 1 0.000195
2 27 4 1 0.000191
2 27 5 1 0.000204
2 27 6 1 0.000199
2 27 7 1 0.000223
2 27 8 1 0.000216
2 27 9 1 0.000170
2 27 10 1 0.000203
2 27 11 1 0.000188
2 27 12 1 0.000173
2 27 13 1 0.000185
2 27 14 1 0.000194
2 27 15 1 0.000204
2 27 16 1 0.000184
2 27 17 1 0.000187
2 27 18 1 0.000208
2 27 19 1 0.000210
2 28 0 1 0.000254
2 28 1 1 0.000293
2 28 2 1 0.000342
2 28 3 1 0.000306
2 28 4 1 0.000328
2 28 5 1 0.000248
2 28 6 1 0.000283
2 28 7 1 0.000275
2 28 8 1 0.000259
2 28 9 1 0.000305
2 28 10 1 0.000275
2 28 11 1 0.000326
2 28 12 1 0.000263
2 28 13 1 0.000336
2 28 14 1 0.000296
2 28 15 1 0.000327
2 28 16 1 0.000322
2 28 17 1 0.000349
2 28 18 1 0.000338
2 28 19 1 0.000301
2 29 0 1 0.000586
2 29 1 1 0.000570
2 29 2 1 0.000578
2 29 3 1 0.000499
2 29 4 1 0.000542
2 29 5 1 0.000571
2 29 6 1 0.000507
2 29 7 1 0.000532
2 29 8 1 0.000523
2 29 9 1 0.000510
2 29 10 1 0.000504
2 29 11 1 0.000572
2 29 12 1 0.000482
2 29 13 1 0.000482
2 29 14 1 0.000575
2 29 15 1 0.000590
2 29 16 1 0.000490
2 29 17 1 0.000518
2 29 18 1 0.000484
2 29 19 1 0.000541
2 30 0 1 0.000746
2 30 1 1 0.000726
2 30 2 1 0.000695
2 30 3 1 0.000606
2 30 4 1 0.000577
2 30 5 1 0.000728
2 30 6 1 0.000685
2 30 7 1 0.000678
2 30 8 1 0.000678
2 30 9 1 0.000664
2 30 10 1 0.000688
2 30 11 1 0.000662
2 30 12 1 0.000574
2 30 13 1 0.000643
2 30 14 1 0.000636
2 30 15 1 0.000611
2 30 16 1 0.000653
2 30 17 1 0.000687
2 30 18 1 0.000628
2 30 19 1 0.000633
2 31 0 1 0.001149
2 31 1 1 0.001191
2 31 2 1 0.001210
2 31 3 1 0.001134
2 31 4 1 0.001172
2 31 5 1 0.001167
2 31 6 1 0.001142
2 31 7 1 0.001186
2 31 8 1 0.001216
2 31 9 1 0.001077
2 31 10 1 0.001170
2 31 11 1 0.001095
2 31 12 1 0.001045
2 31 13 1 0.001223
2 31 14 1 0.001138
2 31 15 1 0.001168
2 31 16 1 0.001125
2 31 17 1 0.001134
2 31 18 1 0.001194
2 31 19 1 0.001054
2 32 0 1 0.001681
2 32 1 1 0.001803
2 32 2 1 0.001910
2 32 3 1 0.001856
2 32 4 1 0.001706
2 32 5 1 0.001677
2 32 6 1 0.001745
2 32 7 1 0.001732
2 32 8 1 0.001870
2 32 9 1 0.001658
2 32 10 1 0.001792
2 32 11 1 0.001684
2 32 12 1 0.001630
2 32 13 1 0.001759
2 32 14 1 0.001817
2 32 15 1 0.001825
2 32 16 1 0.001928
2 32 17 1 0.001679
2 32 18 1 0.001817
2 32 19 1 0.001608
2 33 0 1 0.002274
2 33 1 1 0.002269
2 33 2 1 0.002513
2 33 3 1 0.002151
2 33 4 1 0.002138
2 33 5 1 0.002107
2 33 6 1 0.002250
2 33 7 1 0.002462
2 33 8 1 0.002280
2 33 9 1 0.002199
2 33 10 1 0.002122
2 33 11 1 0.002002
2 33 12 1 0.002351
2 33 13 1 0.002231
2 33 14 1 0.002358
2 33 15 1 0.002162
2 33 16 1 0.002144
2 33 17 1 0.002306
2 33 18 1 0.002135
2 33 19 1 0.002498
2 34 0 1 0.004320
2 34 1 1 0.004126
2 34 2 1 0.004320
2 34 3 1 0.004144
2 34 4 1 0.004683
2 34 5 1 0.004155
2 34 6 1 0.004364
2 34 7 1 0.004606
2 34 8 1 0.004468
2 34 9 1 0.004484
2 34 10 1 0.004401
2 34 11 1 0.004400
2 34 12 1 0.004433
2 34 13 1 0.004470
2 34 14 1 0.004699
2 34 15 1 0.004461
2 34 16 1 0.004289
2 34 17 1 0.004776
2 34 18 1 0.004127
2 34 19 1 0.004240
2 35 0 1 0.006362
2 35 1 1 0.006797
2 35 2 1 0.006802
2 35 3 1 0.006881
2 35 4 1 0.006134
2 35 5 1 0.006337
2 35 6 1 0.006854
2 35 7 1 0.007066
2 35 8 1 0.006225
2 35 9 1 0.006116
2 35 10 1 0.006670
2 35 11 1 0.006786
2 35 12 1 0.006586
2 35 13 1 0.006837
2 35 14 1 0.006534
2 35 15 1 0.006635
2 35 16 1 0.006528
2 35 17 1 0.006322
2 35 18 1 0.006476
2 35 19 1 0.006340
2 36 0 1 0.006155
2 36 1 1 0.007301
2 36 2 1 0.006301
2 36 3 1 0.006351
2 36 4 1 0.007282
2 36 5 1 0.006648
2 36 6 1 0.006934
2 36 7 1 0.007620
2 36 8 1 0.006507
2 36 9 1 0.007594
2 36 10 1 0.006486
2 36 11 1 0.006393
2 36 12 1 0.006793
2 36 13 1 0.007280
2 36 14 1 0.006527
2 36 15 1 0.006505
2 36 16 1 0.007156
2 36 17 1 0.006959
2 36 18 1 0.007031
2 36 19 1 0.006326
2 37 0 1 0.009602
2 37 1 1 0.010031
2 37 2 1 0.010501
2 37 3 1 0.010648
2 37 4 1 0.009815
2 37 5 1 0.009544
2 37 6 1 0.010398
2 37 7 1 0.009473
2 37 8 1 0.009352
2 37 9 1 0.009573
2 37 10 1 0.009864
2 37 11 1 0.009219
2 37 12 1 0.010233
2 37 13 1 0.009989
2 37 14 1 0.010704
2 37 15 1 0.009833
2 37 16 1 0.010345
2 37 17 1 0.009212
2 37 18 1 0.010284
2 37 19 1 0.010373
2 38 0 1 0.012221
2 38 1 1 0.011721
2 38 2 1 0.010989
2 38 3 1 0.010439
2 38 4 1 0.012403
2 38 5 1 0.010706
2 38 6 1 0.012314
2 38 7 1 0.011729
2 38 8 1 0.011952
2 38 9 1 0.012808
2 38 10 1 0.012358
2 38 11 1 0.013168
2 38 12 1 0.011504
2 38 13 1 0.012245
2 38 14 1 0.011357
2 38 15 1 0.010823
2 38 16 1 0.012428
2 38 17 1 0.011802
2 38 18 1 0.012156
2 38 19 1 0.013037
2 39 0 1 0.017633
2 39 1 1 0.016781
2 39 2 1 0.018961
2 39 3 1 0.017161
2 39 4 1 0.019577
2 39 5 1 0.019780
2 39 6 1 0.019429
2 39 7 1 0.019183
2 39 8 1 0.018469
2 39 9 1 0.017405
2 39 10 1 0.017152
2 39 11 1 0.016925
2 39 12 1 0.019768
2 39 13 1 0.021165
2 39 14 1 0.020893
2 39 15 1 0.016668
2 39 16 1 0.018374
2 39 17 1 0.018437
2 39 18 1 0.020826
2 39 19 1 0.018602
2 40 0 1 0.024996
2 40 1 1 0.025959
2 40 2 1 0.026244
2 40 3 1 0.024535
2 40 4 1 0.028067
2 40 5 1 0.029718
2 40 6 1 0.027567
2 40 7 1 0.026109
2 40 8 1 0.025075
2 40 9 1 0.026541
2 40 10 1 0.025757
2 40 11 1 0.026402
2 40 12 1 0.028358
2 40 13 1 0.026491
2 40 14 1 0.026076
2 40 15 1 0.026652
2 40 16 1 0.023569
2 40 17 1 0.027639
2 40 18 1 0.026709
2 40 19 1 0.027991
2 41 0 1 0.043693
2 41 1 1 0.044658
2 41 2 1 0.048179
2 41 3 1 0.050982
2 41 4 1 0.050832
2 41 5 1 0.046523
2 41 6 1 0.050783
2 41 7 1 0.044408
2 41 8 1 0.050859
2 41 9 1 0.044196
2 41 10 1 0.049079
2 41 11 1 0.046004
2 41 12 1 0.048926
2 41 13 1 0.044391
2 41 14 1 0.048305
2 41 15 1 0.050415
2 41 16 1 0.045674
2 41 17 1 0.049567
2 41 18 1 0.046943
2 41 19 1 0.051734
2 42 0 1 0.050173
2 42 1 1 0.051020
2 42 2 1 0.048364
2 42 3 1 0.054217
2 42 4 1 0.054297
2 42 5 1 0.051095
2 42 6 1 0.052902
2 42 7 1 0.051114
2 42 8 1 0.052303
2 42 9 1 0.062636
2 42 10 1 0.052877
2 42 11 1 0.054714
2 42 12 1 0.051124
2 42 13 1 0.055042
2 42 14 1 0.051233
2 42 15 1 0.060450
2 42 16 1 0.053664
2 42 17 1 0.052275
2 42 18 1 0.051050
2 42 19 1 0.054340
2 43 0 1 0.093006
2 43 1 1 0.092720
2 43 2 1 0.093061
2 43 3 1 0.102971
2 43 4 1 0.097236
2 43 5 1 0.102524
2 43 6 1 0.092355
2 43 7 1 0.100921
2 43 8 1 0.103495
2 43 9 1 0.094805
2 43 10 1 0.103052
2 43 11 1 0.101140
2 43 12 1 0.097507
2 43 13 1 0.099947
2 43 14 1 0.103020
2 43 15 1 0.094247
2 43 16 1 0.091989
2 43 17 1 0.095901
2 43 18 1 0.110200
2 43 19 1 0.103232
2 44 0 1 0.125390
2 44 1 1 0.121104
2 44 2 1 0.120709
2 44 3 1 0.123475
2 44 4 1 0.121776
2 44 5 1 0.115548
2 44 6 1 0.113868
2 44 7 1 0.121730
2 44 8 1 0.121124
2 44 9 1 0.113917
2 44 10 1 0.119378
2 44 11 1 0.119139
2 44 12 1 0.125325
2 44 13 1 0.110306
2 44 14 1 0.122583
2 44 15 1 0.116704
2 44 16 1 0.130899
2 44 17 1 0.112227
2 44 18 1 0.121357
2 44 19 1 0.120988
2 45 0 1 0.171661
2 45 1 1 0.183047
2 45 2 1 0.177981
2 45 3 1 0.201099
2 45 4 1 0.184872
2 45 5 1 0.180785
2 45 6 1 0.207652
2 45 7 1 0.174796
2 45 8 1 0.184578
2 45 9 1 0.181231
2 45 10 1 0.198553
2 45 11 1 0.176416
2 45 12 1 0.189947
2 45 13 1 0.184952
2 45 14 1 0.187935
2 45 15 1 0.192790
2 45 16 1 0.183610
2 45 17 1 0.190414
2 45 18 1 0.192497
2 45 19 1 0.184939
2 46 0 1 0.269781
2 46 1 1 0.313103
2 46 2 1 0.301727
2 46 3 1 0.285952
2 46 4 1 0.302933
2 46 5 1 0.287500
2 46 6 1 0.288749
2 46 7 1 0.274216
2 46 8 1 0.278908
2 46 9 1 0.270016
2 46 10 1 0.275290
2 46 11 1 0.304897
2 46 12 1 0.262293
2 46 13 1 0.275375
2 46 14 1 0.278824
2 46 15 1 0.267409
2 46 16 1 0.280168
2 46 17 1 0.264793
2 46 18 1 0.259363
2 46 19 1 0.274911
2 47 0 1 0.441608
2 47 1 1 0.462494
2 47 2 1 0.447658
2 47 3 1 0.429390
2 47 4 1 0.448216
2 47 5 1 0.412654
2 47 6 1 0.427340
2 47 7 1 0.420404
2 47 8 1 0.446771
2 47 9 1 0.447790
2 47 10 1 0.424384
2 47 11 1 0.416776
2 47 12 1 0.421324
2 47 13 1 0.446043
2 47 14 1 0.418999
2 47 15 1 0.462562
2 47 16 1 0.415578
2 47 17 1 0.417061
2 47 18 1 0.426088
2 47 19 1 0.433849
2 48 0 1 0.570586
2 48 1 1 0.530839
2 48 2 1 0.565862
2 48 3 1 0.559004
2 48 4 1 0.574232
2 48 5 1 0.561283
2 48 6 1 0.575939
2 48 7 1 0.563866
2 48 8 1 0.548733
2 48 9 1 0.626268
2 48 10 1 0.587788
2 48 11 1 0.576658
2 48 12 1 0.557056
2 48 13 1 0.558837
2 48 14 1 0.558121
2 48 15 1 0.584590
2 48 16 1 0.540904
2 48 17 1 0.533457
2 48 18 1 0.577997
2 48 19 1 0.548779
2 49 0 1 0.969662
2 49 1 1 0.980022
2 49 2 1 0.968095
2 49 3 1 0.973213
2 49 4 1 0.951192
2 49 5 1 0.916048
2 49 6 1 1.040537
2 49 7 1 1.059233
2 49 8 1 0.940109
2 49 9 1 0.982806
2 49 10 1 0.927576
2 49 11 1 0.999451
2 49 12 1 0.957953
2 49 13 1 0.996049
2 49 14 1 0.916130
2 49 15 1 0.981990
2 49 16 1 0.965808
2 49 17 1 0.914262
2 49 18 1 0.993344
2 49 19 1 0.929937
2 50 0 1 1.611098
2 50 1 1 1.527859
2 50 2 1 1.551682
2 50 3 1 1.592008
2 50 4 1 1.537260
2 50 5 1 1.617207
2 50 6 1 1.571445
2 50 7 1 1.585270
2 50 8 1 1.652497
2 50 9 1 1.568112
2 50 10 1 1.579709
2 50 11 1 1.604342
2 50 12 1 1.526777
2 50 13 1 1.676442
2 50 14 1 1.555840
2 50 15 1 1.623137
2 50 16 1 1.575524
2 50 17 1 1.654481
2 50 18 1 1.583479
2 50 19 1 1.653369
