0 10 0 1 0.000014
0 10 1 1 0.000013
0 10 2 1 0.000035
0 10 3 1 0.000012
0 10 4 1 0.000051
0 10 5 1 0.000029
0 10 6 1 0.000047
0 10 7 1 0.000020
0 10 8 1 0.000007
0 10 9 1 0.000001
0 10 10 1 0.000047
0 10 11 1 0.000040
0 10 12 1 0.000004
0 10 13 1 0.000048
0 10 14 1 0.000001
0 10 15 1 0.000015
0 10 16 1 0.000036
0 10 17 1 0.000036
0 10 18 1 0.000009
0 10 19 1 0.000001
0 11 0 1 0.000047
0 11 1 1 0.000096
0 11 2 1 0.000069
0 11 3 1 0.000046
0 11 4 1 0.000097
0 11 5 1 0.000042
0 11 6 1 0.000053
0 11 7 1 0.000017
0 11 8 1 0.000004
0 11 9 1 0.000075
0 11 10 1 0.000053
0 11 11 1 0.000099
0 11 12 1 0.000042
0 11 13 1 0.000032
0 11 14 1 0.000048
0 11 15 1 0.000062
0 11 16 1 0.000003
0 11 17 1 0.000056
0 11 18 1 0.000090
0 11 19 1 0.000094
0 12 0 1 0.000110
0 12 1 1 0.000214
0 12 2 1 0.000177
0 12 3 1 0.000071
0 12 4 1 0.000092
0 12 5 1 0.000234
0 12 6 1 0.000227
0 12 7 1 0.000096
0 12 8 1 0.000105
0 12 9 1 0.000205
0 12 10 1 0.000185
0 12 11 1 0.000083
0 12 12 1 0.000159
0 12 13 1 0.000124
0 12 14 1 0.000106
0 12 15 1 0.000151
0 12 16 1 0.000155
0 12 17 1 0.000048
0 12 18 1 0.000194
0 12 19 1 0.000164
0 13 0 1 0.000207
0 13 1 1 0.000308
0 13 2 1 0.000117
0 13 3 1 0.000103
0 13 4 1 0.000080
0 13 5 1 0.000116
0 13 6 1 0.000280
0 13 7 1 0.000020
0 13 8 1 0.000132
0 13 9 1 0.000080
0 13 10 1 0.000203
0 13 11 1 0.000177
0 13 12 1 0.000350
0 13 13 1 0.000112
0 13 14 1 0.000369
0 13 15 1 0.000073
0 13 16 1 0.000005
0 13 17 1 0.000359
0 13 18 1 0.000279
0 13 19 1 0.000224
0 14 0 1 0.000462
0 14 1 1 0.000202
0 14 2 1 0.000798
0 14 3 1 0.000349
0 14 4 1 0.000704
0 14 5 1 0.000604
0 14 6 1 0.000290
0 14 7 1 0.000450
0 14 8 1 0.000057
0 14 9 1 0.000080
0 14 10 1 0.000817
0 14 11 1 0.000612
0 14 12 1 0.000355
0 14 13 1 0.000451
0 14 14 1 0.000391
0 14 15 1 0.000308
0 14 16 1 0.000632
0 14 17 1 0.000551
0 14 18 1 0.000141
0 14 19 1 0.000470
0 15 0 1 0.000573
0 15 1 1 0.000234
0 15 2 1 0.000073
0 15 3 1 0.000407
0 15 4 1 0.000362
0 15 5 1 0.000993
0 15 6 1 0.000363
0 15 7 1 0.000730
0 15 8 1 0.001180
0 15 9 1 0.000545
0 15 10 1 0.000597
0 15 11 1 0.001000
0 15 12 1 0.000004
0 15 13 1 0.000008
0 15 14 1 0.000390
0 15 15 1 0.000374
0 15 16 1 0.001262
0 15 17 1 0.000659
0 15 18 1 0.000595
0 15 19 1 0.000658
0 16 0 1 0.000781
0 16 1 1 0.000551
0 16 2 1 0.001153
0 16 3 1 0.001854
0 16 4 1 0.000140
0 16 5 1 0.002095
0 16 6 1 0.001603
0 16 7 1 0.001660
0 16 8 1 0.001336
0 16 9 1 0.001271
0 16 10 1 0.002656
0 16 11 1 0.001615
0 16 12 1 0.001579
0 16 13 1 0.001294
0 16 14 1 0.002463
0 16 15 1 0.002762
0 16 16 1 0.000417
0 16 17 1 0.001621
0 16 18 1 0.002045
0 16 19 1 0.001885
0 17 0 1 0.001913
0 17 1 1 0.000984
0 17 2 1 0.005758
0 17 3 1 0.004281
0 17 4 1 0.004657
0 17 5 1 0.003687
0 17 6 1 0.003293
0 17 7 1 0.002891
0 17 8 1 0.002693
0 17 9 1 0.002800
0 17 10 1 0.005006
0 17 11 1 0.005089
0 17 12 1 0.004399
0 17 13 1 0.004301
0 17 14 1 0.001342
0 17 15 1 0.000486
0 17 16 1 0.003016
0 17 17 1 0.003876
0 17 18 1 0.001390
0 17 19 1 0.000868
0 18 0 1 0.004067
0 18 1 1 0.008861
0 18 2 1 0.006853
0 18 3 1 0.006436
0 18 4 1 0.005561
0 18 5 1 0.006775
0 18 6 1 0.010452
0 18 7 1 0.003739
0 18 8 1 0.010007
0 18 9 1 0.005361
0 18 10 1 0.008725
0 18 11 1 0.003584
0 18 12 1 0.007601
0 18 13 1 0.001050
0 18 14 1 0.005756
0 18 15 1 0.007530
0 18 16 1 0.001694
0 18 17 1 0.007009
0 18 18 1 0.005296
0 18 19 1 0.007928
0 19 0 1 0.004886
0 19 1 1 0.017436
0 19 2 1 0.001810
0 19 3 1 0.021668
0 19 4 1 0.002721
0 19 5 1 0.013072
0 19 6 1 0.022236
0 19 7 1 0.002791
0 19 8 1 0.016060
0 19 9 1 0.002758
0 19 10 1 0.008964
0 19 11 1 0.010549
0 19 12 1 0.020667
0 19 13 1 0.018611
0 19 14 1 0.006201
0 19 15 1 0.005788
0 19 16 1 0.015518
0 19 17 1 0.009225
0 19 18 1 0.010050
0 19 19 1 0.018432
0 20 0 1 0.037970
0 20 1 1 0.017821
0 20 2 1 0.005195
0 20 3 1 0.026099
0 20 4 1 0.035740
0 20 5 1 0.032376
0 20 6 1 0.011183
0 20 7 1 0.000289
0 20 8 1 0.008070
0 20 9 1 0.001897
0 20 10 1 0.018228
0 20 11 1 0.029173
0 20 12 1 0.033526
0 20 13 1 0.024862
0 20 14 1 0.027735
0 20 15 1 0.034642
0 20 16 1 0.014410
0 20 17 1 0.038027
0 20 18 1 0.007431
0 20 19 1 0.020620
0 21 0 1 0.070321
0 21 1 1 0.066710
0 21 2 1 0.073398
0 21 3 1 0.036580
0 21 4 1 0.093164
0 21 5 1 0.037435
0 21 6 1 0.006434
0 21 7 1 0.086195
0 21 8 1 0.025601
0 21 9 1 0.000893
0 21 10 1 0.029053
0 21 11 1 0.073166
0 21 12 1 0.021077
0 21 13 1 0.086857
0 21 14 1 0.017719
0 21 15 1 0.030775
0 21 16 1 0.050374
0 21 17 1 0.056759
0 21 18 1 0.006680
0 21 19 1 0.032246
0 22 0 1 0.157613
0 22 1 1 0.062267
0 22 2 1 0.127907
0 22 3 1 0.153755
0 22 4 1 0.167823
0 22 5 1 0.074979
0 22 6 1 0.118390
0 22 7 1 0.038364
0 22 8 1 0.141564
0 22 9 1 0.079827
0 22 10 1 0.058726
0 22 11 1 0.131321
0 22 12 1 0.099461
0 22 13 1 0.156170
0 22 14 1 0.003518
0 22 15 1 0.172768
0 22 16 1 0.129659
0 22 17 1 0.067662
0 22 18 1 0.176785
0 22 19 1 0.054353
0 23 0 1 0.145064
0 23 1 1 0.294560
0 23 2 1 0.190767
0 23 3 1 0.326986
0 23 4 1 0.248911
0 23 5 1 0.363472
0 23 6 1 0.056985
0 23 7 1 0.138883
0 23 8 1 0.160204
0 23 9 1 0.097839
0 23 10 1 0.191248
0 23 11 1 0.282902
0 23 12 1 0.199344
0 23 13 1 0.280050
0 23 14 1 0.325547
0 23 15 1 0.157834
0 23 16 1 0.097624
0 23 17 1 0.200039
0 23 18 1 0.218733
0 23 19 1 0.228098
0 24 0 1 0.385396
0 24 1 1 0.595938
0 24 2 1 0.073103
0 24 3 1 0.475055
0 24 4 1 0.498895
0 24 5 1 0.470785
0 24 6 1 0.706979
0 24 7 1 0.371190
0 24 8 1 0.439666
0 24 9 1 0.611423
0 24 10 1 0.273462
0 24 11 1 0.276550
0 24 12 1 0.227128
0 24 13 1 0.429490
0 24 14 1 0.317985
0 24 15 1 0.480539
0 24 16 1 0.611822
0 24 17 1 0.631632
0 24 18 1 0.058096
0 24 19 1 0.392628
0 25 0 1 0.564018
0 25 1 1 1.225009
0 25 2 1 0.307675
0 25 3 1 0.649350
0 25 4 1 0.203262
0 25 5 1 0.126500
0 25 6 1 0.813378
0 25 7 1 0.010349
0 25 8 1 0.053482
0 25 9 1 0.175651
0 25 10 1 1.438021
0 25 11 1 0.581210
0 25 12 1 0.809686
0 25 13 1 0.075460
0 25 14 1 0.022112
0 25 15 1 0.341846
0 25 16 1 0.829143
0 25 17 1 1.407110
0 25 18 1 0.289425
0 25 19 1 1.013278
0 26 0 1 1.501075
0 26 1 1 0.387376
0 26 2 1 2.268226
0 26 3 1 0.595032
0 26 4 1 0.130094
0 26 5 1 1.059966
0 26 6 1 1.748299
0 26 7 1 0.638196
0 26 8 1 1.168684
0 26 9 1 2.621749
0 26 10 1 2.395190
0 26 11 1 0.437050
0 26 12 1 0.936918
0 26 13 1 1.342314
0 26 14 1 2.394097
0 26 15 1 2.425565
0 26 16 1 0.219594
0 26 17 1 0.284345
0 26 18 1 2.671038
0 26 19 1 1.887582
0 27 0 1 1.781224
0 27 1 1 3.869966
0 27 2 1 5.973153
0 27 3 1 3.102922
0 27 4 1 3.030063
0 27 5 1 2.833221
0 27 6 1 0.778309
0 27 7 1 4.333126
0 27 8 1 3.884359
0 27 9 1 2.600135
0 27 10 1 0.271095
0 27 11 1 1.547058
0 27 12 1 1.979295
0 27 13 1 1.212908
0 27 14 1 5.890718
0 27 15 1 1.423117
0 27 16 1 0.206027
0 27 17 1 4.159850
0 27 18 1 0.745534
0 27 19 1 3.295285
0 28 0 1 11.595377
0 28 1 1 9.230447
0 28 2 1 3.097437
0 28 3 1 5.351151
0 28 4 1 7.411255
0 28 5 1 10.480826
0 28 6 1 11.316529
0 28 7 1 2.656993
0 28 8 1 6.035377
0 28 9 1 9.928907
0 28 10 1 2.948409
0 28 11 1 5.371171
0 28 12 1 1.557920
0 28 13 1 4.969177
0 28 14 1 4.859661
0 28 15 1 5.898838
0 28 16 1 5.655592
0 28 17 1 1.246233
0 28 18 1 10.191476
0 28 19 1 5.741603
0 29 0 1 19.288950
0 29 1 1 2.232166
0 29 2 1 2.883931
0 29 3 1 10.018155
0 29 4 1 22.611210
0 29 5 1 5.199233
0 29 6 1 14.644155
0 29 7 1 12.333875
0 29 8 1 11.215310
0 29 9 1 21.987098
0 29 10 1 17.000182
0 29 11 1 16.421888
0 29 12 1 12.300719
0 29 13 1 7.970239
0 29 14 1 22.304269
0 29 15 1 14.394289
0 29 16 1 7.705774
0 29 17 1 20.507658
0 29 18 1 0.283855
0 29 19 1 13.466226
0 30 0 1 28.119300
0 30 1 1 21.485822
0 30 2 1 30.357607
0 30 3 1 29.045679
0 30 4 1 22.732663
0 30 5 1 21.269289
0 30 6 1 24.383572
0 30 7 1 23.084996
0 30 8 1 2.709906
0 30 9 1 9.110899
0 30 10 1 34.177482
0 30 11 1 17.364211
0 30 12 1 45.840341
0 30 13 1 18.169215
0 30 14 1 43.129093
0 30 15 1 27.935274
0 30 16 1 46.546832
0 30 17 1 41.593099
0 30 18 1 7.984664
0 30 19 1 47.401563
